%YAML:1.0
---
ret: 0.11998847598309877
cameraMatrix: !!opencv-matrix
   rows: 3
   cols: 3
   dt: d
   data: [ 1206.0266981037773, 0., 638.02134000426292, 0.,
       1206.5275994248584, 356.00669356263666, 0., 0., 1. ]
distCoeffs: !!opencv-matrix
   rows: 1
   cols: 5
   dt: d
   data: [ 0.27744174428022184, -1.6253665387189491,
       -0.00067414532321221471, 0.00042120741774168829,
       3.0766479758682324 ]
rvecs:
   - !!opencv-matrix
      rows: 3
      cols: 1
      dt: d
      data: [ 0.032605964661043992, -0.061138970612573097,
          1.5649162440376045 ]
   - !!opencv-matrix
      rows: 3
      cols: 1
      dt: d
      data: [ 0.060554868463774808, -0.018209427385266357,
          -0.0059381616957019543 ]
   - !!opencv-matrix
      rows: 3
      cols: 1
      dt: d
      data: [ 0.062391793933973538, -0.018005546560342388,
          -0.0067099515780760536 ]
   - !!opencv-matrix
      rows: 3
      cols: 1
      dt: d
      data: [ 0.06277008366595499, -0.018721860832515126,
          -0.0076404904481102657 ]
   - !!opencv-matrix
      rows: 3
      cols: 1
      dt: d
      data: [ 0.062356395732736061, -0.017324133725862733,
          -0.0086671382186847452 ]
   - !!opencv-matrix
      rows: 3
      cols: 1
      dt: d
      data: [ 0.062031260715318282, -0.017996190183046958,
          -0.0099499055167949386 ]
   - !!opencv-matrix
      rows: 3
      cols: 1
      dt: d
      data: [ 0.066076319353058896, -0.016075781315116427,
          -0.011649112303313934 ]
   - !!opencv-matrix
      rows: 3
      cols: 1
      dt: d
      data: [ 0.040052730692241086, -0.065187654787413118,
          1.5571928450411914 ]
   - !!opencv-matrix
      rows: 3
      cols: 1
      dt: d
      data: [ 0.070827192380713083, -0.01472988902761194,
          -0.01381291953608246 ]
   - !!opencv-matrix
      rows: 3
      cols: 1
      dt: d
      data: [ 0.047161317830656059, -0.069637828505244498,
          1.5552332304762897 ]
   - !!opencv-matrix
      rows: 3
      cols: 1
      dt: d
      data: [ 0.087957695406848904, -0.014040850733862022,
          -0.016232772432074744 ]
   - !!opencv-matrix
      rows: 3
      cols: 1
      dt: d
      data: [ 0.10667568615044179, -0.015835742155887553,
          -0.016468599555196538 ]
   - !!opencv-matrix
      rows: 3
      cols: 1
      dt: d
      data: [ 0.3780205668600593, -0.071267833893200155,
          0.008094591162524107 ]
   - !!opencv-matrix
      rows: 3
      cols: 1
      dt: d
      data: [ 0.37666394769591699, -0.074240609086165477,
          0.010431930825308421 ]
   - !!opencv-matrix
      rows: 3
      cols: 1
      dt: d
      data: [ 0.37462903932118985, -0.074457884486282919,
          0.011255534168324033 ]
   - !!opencv-matrix
      rows: 3
      cols: 1
      dt: d
      data: [ 0.36949876590716818, -0.073559227368883526,
          0.010974414302069416 ]
   - !!opencv-matrix
      rows: 3
      cols: 1
      dt: d
      data: [ 0.36900052430801272, -0.069190639576256929,
          0.010023667813755452 ]
   - !!opencv-matrix
      rows: 3
      cols: 1
      dt: d
      data: [ 0.36670308187074285, -0.069919694002388427,
          0.0094479241381608438 ]
   - !!opencv-matrix
      rows: 3
      cols: 1
      dt: d
      data: [ 0.36487777208302974, -0.068206099397953066,
          0.0080045836271293233 ]
   - !!opencv-matrix
      rows: 3
      cols: 1
      dt: d
      data: [ 0.36259168320082047, -0.069250168805049819,
          0.0075445547067679508 ]
   - !!opencv-matrix
      rows: 3
      cols: 1
      dt: d
      data: [ 0.35862434613063376, -0.072683121327955333,
          0.0094070986454471012 ]
   - !!opencv-matrix
      rows: 3
      cols: 1
      dt: d
      data: [ 0.35126247514310416, -0.076083076369040326,
          0.01383962795964319 ]
   - !!opencv-matrix
      rows: 3
      cols: 1
      dt: d
      data: [ 0.33729559226959449, -0.077676628825382663,
          0.02043965054414584 ]
   - !!opencv-matrix
      rows: 3
      cols: 1
      dt: d
      data: [ 0.03197717778871214, -0.16208721902810497,
          0.020730517422888128 ]
   - !!opencv-matrix
      rows: 3
      cols: 1
      dt: d
      data: [ 0.032434488251229049, -0.16063368387977975,
          0.020069147312389471 ]
   - !!opencv-matrix
      rows: 3
      cols: 1
      dt: d
      data: [ 0.032975515901815085, -0.15917793364372629,
          0.019140553694287649 ]
   - !!opencv-matrix
      rows: 3
      cols: 1
      dt: d
      data: [ 0.03379299883506149, -0.157746342334529,
          0.017910670528303117 ]
   - !!opencv-matrix
      rows: 3
      cols: 1
      dt: d
      data: [ 0.035097289275472933, -0.15534197984444487,
          0.016580308435723379 ]
   - !!opencv-matrix
      rows: 3
      cols: 1
      dt: d
      data: [ 0.036700148400079423, -0.15527738716396244,
          0.014874328413780882 ]
   - !!opencv-matrix
      rows: 3
      cols: 1
      dt: d
      data: [ 0.037411081732315395, -0.15439501977634487,
          0.013123606465737018 ]
   - !!opencv-matrix
      rows: 3
      cols: 1
      dt: d
      data: [ 0.037284286646920226, -0.15282689417858136,
          0.011563169196196458 ]
   - !!opencv-matrix
      rows: 3
      cols: 1
      dt: d
      data: [ 0.037805723241918845, -0.15212598739116651,
          0.0098726573946596972 ]
   - !!opencv-matrix
      rows: 3
      cols: 1
      dt: d
      data: [ 0.037708293209529967, -0.1514368917938044,
          0.0082114745528862922 ]
   - !!opencv-matrix
      rows: 3
      cols: 1
      dt: d
      data: [ 0.037052781718747749, -0.15207091355573701,
          0.006618269074670783 ]
   - !!opencv-matrix
      rows: 3
      cols: 1
      dt: d
      data: [ 0.036802790563233059, -0.15166675265200175,
          0.0039095168997613583 ]
   - !!opencv-matrix
      rows: 3
      cols: 1
      dt: d
      data: [ 0.037970359012210617, -0.1500912339268155,
          -0.0013103122403009401 ]
   - !!opencv-matrix
      rows: 3
      cols: 1
      dt: d
      data: [ 0.1802568186346481, -0.12014779819806051,
          0.011371252052465312 ]
   - !!opencv-matrix
      rows: 3
      cols: 1
      dt: d
      data: [ 0.18355254491149078, -0.11831571204144231,
          0.0090029108490935535 ]
   - !!opencv-matrix
      rows: 3
      cols: 1
      dt: d
      data: [ 0.18145071455251904, -0.12042356068692626,
          0.007381392799485186 ]
   - !!opencv-matrix
      rows: 3
      cols: 1
      dt: d
      data: [ 0.17963352614470871, -0.12305311426415558,
          0.0061150523567928836 ]
   - !!opencv-matrix
      rows: 3
      cols: 1
      dt: d
      data: [ 0.17853488695775649, -0.12301052940097619,
          0.0049930953492691808 ]
   - !!opencv-matrix
      rows: 3
      cols: 1
      dt: d
      data: [ 0.18055457711343356, -0.12345368173426051,
          0.0039928609126277095 ]
   - !!opencv-matrix
      rows: 3
      cols: 1
      dt: d
      data: [ 0.18004782512021203, -0.12314319432116017,
          0.0030433437243913486 ]
   - !!opencv-matrix
      rows: 3
      cols: 1
      dt: d
      data: [ 0.18085636491793736, -0.12434794232887192,
          0.0026116371525512281 ]
   - !!opencv-matrix
      rows: 3
      cols: 1
      dt: d
      data: [ 0.1810849673710202, -0.1231475249623339,
          0.0021148906710426077 ]
   - !!opencv-matrix
      rows: 3
      cols: 1
      dt: d
      data: [ 0.18231805888974392, -0.12193136533773737,
          0.0015615937226133847 ]
   - !!opencv-matrix
      rows: 3
      cols: 1
      dt: d
      data: [ 0.18271122867247311, -0.1214994438572719,
          0.0011508816805981344 ]
   - !!opencv-matrix
      rows: 3
      cols: 1
      dt: d
      data: [ 0.18312822615896326, -0.12008473341806242,
          0.00087936303683938742 ]
   - !!opencv-matrix
      rows: 3
      cols: 1
      dt: d
      data: [ 0.18156396083495743, -0.12058142864680853,
          0.0023658252127684845 ]
   - !!opencv-matrix
      rows: 3
      cols: 1
      dt: d
      data: [ 0.17946522313141869, -0.12091163447462093,
