%YAML:1.0
---
ret: 0.6315480171988036
cameraMatrix: !!opencv-matrix
   rows: 3
   cols: 3
   dt: d
   data: [ 15489.43234761639, 0., 1792.7239793869417, 0.,
       15422.986577908463, 1170.7457894655849, 0., 0., 1. ]
distCoeffs: !!opencv-matrix
   rows: 1
   cols: 5
   dt: d
   data: [ 6.6193597684080014, -599.87916865604234, 0.038824382223461545,
       -0.036669045246490811, 8652.20016487252 ]
rvecs:
   - !!opencv-matrix
      rows: 3
      cols: 1
      dt: d
      data: [ 0.1731542505516728, -0.013950929416381831,
          3.13048593371881 ]
   - !!opencv-matrix
      rows: 3
      cols: 1
      dt: d
      data: [ 0.066680745092320803, 0.077233934817555028,
          1.0471735664871131 ]
   - !!opencv-matrix
      rows: 3
      cols: 1
      dt: d
      data: [ -0.035812095147316092, 0.071824842949618578,
          0.68837108945002301 ]
   - !!opencv-matrix
      rows: 3
      cols: 1
      dt: d
      data: [ 0.035902284495772284, 0.13998517625749757,
          0.52743775113194902 ]
   - !!opencv-matrix
      rows: 3
      cols: 1
      dt: d
      data: [ 0.093282188751362155, 0.1159707681886829,
          1.2607540905743406 ]
   - !!opencv-matrix
      rows: 3
      cols: 1
      dt: d
      data: [ 0.02376024732364336, 0.084354286571109299,
          0.19517492154514957 ]
tvecs:
   - !!opencv-matrix
      rows: 3
      cols: 1
      dt: d
      data: [ 4.7048532424246581, 5.0724814870775976, 197.94198192051437 ]
   - !!opencv-matrix
      rows: 3
      cols: 1
      dt: d
      data: [ 4.7364413237822403, -3.6925840147907487, 197.8652157607907 ]
   - !!opencv-matrix
      rows: 3
      cols: 1
      dt: d
      data: [ 8.3904297584731129, -8.4518871632660666, 197.8516042896922 ]
   - !!opencv-matrix
      rows: 3
      cols: 1
      dt: d
      data: [ -8.4920203492672091, -0.44999342625398503,
          199.19682302502395 ]
   - !!opencv-matrix
      rows: 3
      cols: 1
      dt: d
      data: [ -7.8117503246499966, -10.245026483057508,
          199.34386388391201 ]
   - !!opencv-matrix
      rows: 3
      cols: 1
      dt: d
      data: [ -7.3818852993794417, -4.0866261035268749,
          199.40943979586098 ]
