%YAML:1.0
---
ret: 0.13784352303219577
cameraMatrix: !!opencv-matrix
   rows: 3
   cols: 3
   dt: d
   data: [ 1201.6068109581176, 0., 638.41348471670108, 0.,
       1201.9140226981076, 356.18989191213547, 0., 0., 1. ]
distCoeffs: !!opencv-matrix
   rows: 1
   cols: 14
   dt: d
   data: [ 3.2766253978215785, -6.1616356160371462,
       -0.00050486932573401725, 0.00076805932097785755,
       -2.8391393216402441, 2.9511706177761758, -4.485913127267974,
       -5.7414321376082578, 0., 0., 0., 0., 0., 0. ]
rvecs:
   - !!opencv-matrix
      rows: 3
      cols: 1
      dt: d
      data: [ 0.094098687841726453, -0.24376902551123072,
          -0.033771542936544684 ]
   - !!opencv-matrix
      rows: 3
      cols: 1
      dt: d
      data: [ 0.094336238176033302, -0.24294753007232001,
          -0.033365918702803199 ]
   - !!opencv-matrix
      rows: 3
      cols: 1
      dt: d
      data: [ 0.094983641659307977, -0.24319199190269744,
          -0.032859524445735394 ]
   - !!opencv-matrix
      rows: 3
      cols: 1
      dt: d
      data: [ 0.094089373546967489, -0.24362258303377096,
          -0.032681984957970096 ]
   - !!opencv-matrix
      rows: 3
      cols: 1
      dt: d
      data: [ 0.095225720118833956, -0.24241303435453507,
          -0.032602376356890096 ]
   - !!opencv-matrix
      rows: 3
      cols: 1
      dt: d
      data: [ 0.094685769194227304, -0.24251555855828477,
          -0.032397185488386805 ]
   - !!opencv-matrix
      rows: 3
      cols: 1
      dt: d
      data: [ 0.093403160342479224, -0.24251360548455558,
          -0.032538501067214093 ]
   - !!opencv-matrix
      rows: 3
      cols: 1
      dt: d
      data: [ 0.093503454814809053, -0.24224377484690388,
          -0.032231317433241674 ]
   - !!opencv-matrix
      rows: 3
      cols: 1
      dt: d
      data: [ 0.093216320335876249, -0.24092961422530998,
          -0.031948671169597806 ]
   - !!opencv-matrix
      rows: 3
      cols: 1
      dt: d
      data: [ 0.09297509270131965, -0.23865248140835016,
          -0.031394600558243543 ]
   - !!opencv-matrix
      rows: 3
      cols: 1
      dt: d
      data: [ 0.093452077651510271, -0.23495380522296661,
          -0.030740327389311185 ]
   - !!opencv-matrix
      rows: 3
      cols: 1
      dt: d
      data: [ 0.09527794410930443, -0.22608097382753942,
          -0.029635711310039586 ]
   - !!opencv-matrix
      rows: 3
      cols: 1
      dt: d
      data: [ 0.09918561410448884, -0.21722384985894108,
          -0.028150915120391209 ]
   - !!opencv-matrix
      rows: 3
      cols: 1
      dt: d
      data: [ 0.11538915657364404, -0.064229574697069164,
          -0.00094272968381347937 ]
   - !!opencv-matrix
      rows: 3
      cols: 1
      dt: d
      data: [ 0.11569737016050725, -0.054592029435627625,
          0.00080943800823882379 ]
   - !!opencv-matrix
      rows: 3
      cols: 1
      dt: d
      data: [ 0.15521596706783392, -0.049863371412180009,
          0.0084064607701911896 ]
   - !!opencv-matrix
      rows: 3
      cols: 1
      dt: d
      data: [ 0.35430287503636837, -0.17966343512630711,
          0.093646911693107293 ]
   - !!opencv-matrix
      rows: 3
      cols: 1
      dt: d
      data: [ 0.3610810532152236, -0.18802434431696835,
          0.09644571110452313 ]
   - !!opencv-matrix
      rows: 3
      cols: 1
      dt: d
      data: [ 0.3607444574735475, -0.19054436295883373,
          0.09681134345123367 ]
   - !!opencv-matrix
      rows: 3
      cols: 1
      dt: d
      data: [ 0.18617222829651373, -0.21629170270452575,
          0.15119014972649086 ]
   - !!opencv-matrix
      rows: 3
      cols: 1
      dt: d
      data: [ 0.18761247478979168, -0.21650398416156819,
          0.14946795879834032 ]
   - !!opencv-matrix
      rows: 3
      cols: 1
      dt: d
      data: [ 0.18956903739948092, -0.21691464935971277,
          0.14774829749536991 ]
   - !!opencv-matrix
      rows: 3
      cols: 1
      dt: d
      data: [ 0.19061003458554965, -0.21547809340097288,
          0.14469984180315396 ]
   - !!opencv-matrix
      rows: 3
      cols: 1
      dt: d
      data: [ 0.18941732350646157, -0.21342740491628853,
          0.13985177464988735 ]
   - !!opencv-matrix
      rows: 3
      cols: 1
      dt: d
      data: [ 0.18740725350230072, -0.20759534889455669,
          0.13261488073629407 ]
   - !!opencv-matrix
      rows: 3
      cols: 1
      dt: d
      data: [ 0.16390066411903623, -0.015746708963305992,
          -0.014893493641053371 ]
   - !!opencv-matrix
      rows: 3
      cols: 1
      dt: d
      data: [ 0.16453597869011896, -0.018198735348812261,
          -0.013826063913745669 ]
   - !!opencv-matrix
      rows: 3
      cols: 1
      dt: d
      data: [ 0.16689836024691032, -0.018206915098137398,
          -0.012505701512569425 ]
   - !!opencv-matrix
      rows: 3
      cols: 1
      dt: d
      data: [ 0.16641025214264601, -0.018629583949996899,
          -0.01128508009255816 ]
   - !!opencv-matrix
      rows: 3
      cols: 1
      dt: d
      data: [ 0.16872316767867407, -0.017603141889868616,
          -0.0092251603474509392 ]
   - !!opencv-matrix
      rows: 3
      cols: 1
      dt: d
      data: [ 0.16920630618655058, -0.018020979986490795,
          -0.00687448544209604 ]
   - !!opencv-matrix
      rows: 3
      cols: 1
      dt: d
      data: [ 0.16993237151688823, -0.014565851938188434,
          0.0020307814923618663 ]
   - !!opencv-matrix
      rows: 3
      cols: 1
      dt: d
      data: [ 0.14656624599687243, -0.032570646408967431,
          0.067031637105082781 ]
   - !!opencv-matrix
      rows: 3
      cols: 1
      dt: d
      data: [ 0.15003776005006611, -0.034807060877293579,
          0.070364239792477939 ]
   - !!opencv-matrix
      rows: 3
      cols: 1
      dt: d
      data: [ 0.15112160903477009, -0.036429599479170953,
          0.070943697323088528 ]
   - !!opencv-matrix
      rows: 3
      cols: 1
      dt: d
      data: [ 0.15219680554672665, -0.036827862638540314,
          0.070788395547915495 ]
   - !!opencv-matrix
      rows: 3
      cols: 1
      dt: d
      data: [ 0.15380296299819221, -0.036821791149264947,
          0.070802882622127583 ]
   - !!opencv-matrix
      rows: 3
      cols: 1
      dt: d
      data: [ 0.15484039740405062, -0.038686941055925315,
          0.071144486121736225 ]
   - !!opencv-matrix
      rows: 3
      cols: 1
      dt: d
      data: [ 0.15553614343168695, -0.038306506448059288,
          0.071173812040714671 ]
   - !!opencv-matrix
      rows: 3
      cols: 1
      dt: d
      data: [ 0.15553720772204349, -0.0384833870216768,
          0.070901534667012281 ]
   - !!opencv-matrix
      rows: 3
      cols: 1
      dt: d
      data: [ 0.15684465606515166, -0.039370739901071233,
          0.070788965631567349 ]
   - !!opencv-matrix
      rows: 3
      cols: 1
      dt: d
      data: [ 0.15702719941280638, -0.03882588230904481,
          0.070178864893716372 ]
   - !!opencv-matrix
      rows: 3
      cols: 1
      dt: d
      data: [ 0.16359135827239132, -0.036604380738115457,
          0.064716248531677484 ]
   - !!opencv-matrix
      rows: 3
      cols: 1
      dt: d
      data: [ 0.16401915072644849, 0.13906853500128569,
          0.054430327296350958 ]
   - !!opencv-matrix
      rows: 3
      cols: 1
      dt: d
      data: [ 0.16382659358561272, 0.14255727594710971,
          0.054352832696173713 ]
   - !!opencv-matrix
      rows: 3
      cols: 1
      dt: d
      data: [ 0.16244439375568379, 0.14500219732324018,
          0.05445046958699834 ]
   - !!opencv-matrix
      rows: 3
      cols: 1
      dt: d
      data: [ 0.16184377327325575, 0.14563180157364417,
          0.054866381914141525 ]
   - !!opencv-matrix
      rows: 3
      cols: 1
      dt: d
      data: [ 0.16193207301828164, 0.14616719140935142,
          0.055387842858200531 ]
   - !!opencv-matrix
      rows: 3
      cols: 1
      dt: d
      data: [ 0.16021564733212484, 0.14623486670954305,
          0.056078499988375115 ]
   - !!opencv-matrix
      rows: 3
      cols: 1
