%YAML:1.0
---
ret: 0.26260613286900236
cameraMatrix: !!opencv-matrix
   rows: 3
   cols: 3
   dt: d
   data: [ 10141.641262381032, 0., 649.64801344572982, 0.,
       10111.001454679297, 348.74453215521322, 0., 0., 1. ]
distCoeffs: !!opencv-matrix
   rows: 1
   cols: 5
   dt: d
   data: [ 17.966601500196862, -5677.2375964730172, -0.02938152848407596,
       -0.015795070094422523, -23.590735496451892 ]
rvecs:
   - !!opencv-matrix
      rows: 3
      cols: 1
      dt: d
      data: [ 0.059539256612516606, -0.051424076092109972,
          -0.0091533183063397007 ]
   - !!opencv-matrix
      rows: 3
      cols: 1
      dt: d
      data: [ 0.0059175755146678184, 0.11538030408785105,
          1.055715040547879 ]
   - !!opencv-matrix
      rows: 3
      cols: 1
      dt: d
      data: [ 0.0025729914742508384, -0.10460078445542241,
          0.21143857994023196 ]
   - !!opencv-matrix
      rows: 3
      cols: 1
      dt: d
      data: [ -0.082522381952791282, -0.046587366522173462,
          0.79492642999587271 ]
   - !!opencv-matrix
      rows: 3
      cols: 1
      dt: d
      data: [ 0.082897707442917759, 0.047459474797977429,
          1.3635319705432125 ]
   - !!opencv-matrix
      rows: 3
      cols: 1
      dt: d
      data: [ -0.069925465917010876, -0.029715097773155594,
          0.86646919787688959 ]
   - !!opencv-matrix
      rows: 3
      cols: 1
      dt: d
      data: [ 0.041549540476869012, 0.0012956504566150376,
          0.49766675804163041 ]
   - !!opencv-matrix
      rows: 3
      cols: 1
      dt: d
      data: [ 0.010209475578031261, 0.10872499054376149,
          0.66745715842803566 ]
   - !!opencv-matrix
      rows: 3
      cols: 1
      dt: d
      data: [ -0.027491407155316713, -0.10659623807306434,
          1.2730924180186685 ]
tvecs:
   - !!opencv-matrix
      rows: 3
      cols: 1
      dt: d
      data: [ -9.3789739983219942, -4.7878025431610425,
          355.74072418381439 ]
   - !!opencv-matrix
      rows: 3
      cols: 1
      dt: d
      data: [ 2.3928664834626794, -3.9812754838497928,
          355.36118961721843 ]
   - !!opencv-matrix
      rows: 3
      cols: 1
      dt: d
      data: [ 1.0082464901958861, -9.0418538766599497, 354.1297626776111 ]
   - !!opencv-matrix
      rows: 3
      cols: 1
      dt: d
      data: [ -8.1397272408264705, -2.3072416339901505,
          356.44850162924541 ]
   - !!opencv-matrix
      rows: 3
      cols: 1
      dt: d
      data: [ -4.623672770459927, -9.7143815289334974,
          355.00043346268603 ]
   - !!opencv-matrix
      rows: 3
      cols: 1
      dt: d
      data: [ 7.1178388194898616, -2.1740028006285272,
          355.64646214714185 ]
   - !!opencv-matrix
      rows: 3
      cols: 1
      dt: d
      data: [ 0.376828288811138, -8.5790465213484772, 355.55338661014304 ]
   - !!opencv-matrix
      rows: 3
      cols: 1
      dt: d
      data: [ -3.3081056539893279, -3.6750984228304411,
          355.80192641123824 ]
   - !!opencv-matrix
      rows: 3
      cols: 1
      dt: d
      data: [ -5.1788516017864099, -0.40939372281120512,
          355.59244602901339 ]
